1 123 1 107 95 35.02 1 123 1 55 63 41.23 1 123 1 94 156 41.61 
1 123 1 77 165 41.18 
1 123 1 80 116 35.28 
1 123 1 91 122 35.35 
1 123 1 90 149 39.25 
1 123 0 103 108 39.91 
1 123 1 83 77 40.99 
1 123 1 56 69 41.52 
1 123 1 96 73 36.25 
1 123 1 92 129 41.28 
1 123 1 71 121 36.75 
1 123 1 81 63 39.2 
1 123 0 110 128 36.8 
1 123 1 61 154 35.46 
1 123 1 56 109 40.86 
1 123 1 63 152 37.2 
1 123 0 110 134 39.86 
1 123 1 104 53 36.67 
1 123 1 69 93 39.01 
1 123 1 80 73 40.53 
1 123 1 81 98 37.26 
1 123 1 85 153 35.69 
1 123 0 103 172 38.49 
1 123 1 54 135 35.07 
1 123 0 110 175 41.93 
1 123 1 80 133 37.65 
1 123 1 94 140 35.08 
1 123 1 77 142 40.8 
1 123 1 95 115 41.23 
1 123 1 64 50 39.62 
1 123 1 86 135 36.75 
1 123 1 110 71 41.14 
1 123 1 80 122 38.72 
1 123 1 101 152 35.0 
1 123 1 63 86 36.45 
1 123 1 56 140 38.8 
1 123 1 62 156 38.43 
1 123 1 71 171 35.76 
1 123 1 88 128 41.96 
1 123 1 68 144 38.68 
1 123 1 102 66 40.89 
1 123 1 64 132 39.55 
1 123 1 65 95 36.14 
1 123 1 84 149 40.86 
1 123 1 104 63 41.93 
1 123 1 77 76 38.66 
1 123 1 58 173 36.05 
1 123 1 82 174 37.57 
1 123 1 76 177 36.81 
1 123 1 85 165 36.21 
1 123 1 61 77 38.52 
1 123 1 86 136 37.92 
1 123 1 73 122 41.04 
1 123 1 50 91 39.11 
1 123 1 96 117 38.74 
1 123 1 69 170 40.18 
1 123 1 87 178 35.98 
1 123 0 108 125 37.9 
1 123 1 70 141 37.19 
1 123 1 71 80 41.59 
1 123 1 60 58 41.46 
1 123 1 84 119 36.07 
1 123 1 60 146 36.92 
1 123 1 99 122 38.38 
1 123 1 71 129 41.54 
1 123 1 79 69 40.5 
1 123 1 58 103 37.92 
1 123 1 69 151 39.28 
1 123 0 103 155 40.26 
1 123 1 55 130 39.36 
1 123 1 77 57 37.08 
1 123 1 83 167 36.47 
1 123 1 55 102 39.77 
1 123 1 89 96 35.68 
1 123 1 110 64 36.64 
1 123 1 81 118 38.99 
1 123 1 64 145 39.03 
1 123 1 85 173 37.1 
1 123 1 85 176 37.98 
1 123 1 68 107 36.52 
1 123 1 74 97 36.46 
1 123 1 95 116 37.55 
1 123 1 65 69 36.71 
1 123 1 99 89 36.44 
1 123 1 55 115 37.13 
1 123 1 86 144 36.84 
1 123 1 107 138 35.44 
1 123 1 89 106 41.45 
1 123 1 81 70 37.21 
1 123 1 91 147 37.29 
1 123 1 96 152 35.02 
1 123 1 78 151 35.62 
1 123 1 82 97 37.78 
1 123 0 104 175 37.43 
1 123 1 54 55 35.32 
1 123 1 80 61 38.44 
1 123 1 99 53 38.76 
1 123 1 62 170 39.1 
1 123 1 93 80 35.37 
1 123 1 54 131 36.7 
1 123 1 81 138 38.36 
1 123 1 66 85 41.21 
1 123 1 65 75 40.65 
1 123 1 84 61 40.29 
1 123 1 71 155 35.38 
1 123 1 93 173 38.83 
1 123 1 72 98 40.92 
1 123 0 100 174 40.29 
1 123 1 76 175 40.74 
1 123 0 107 148 36.62 
1 123 1 95 155 35.72 
1 123 1 106 93 41.44 
1 123 1 51 161 38.85 
1 123 1 67 51 39.71 
1 123 0 105 130 36.98 
1 123 0 100 145 41.24 
1 123 1 96 76 36.44 
1 123 0 108 164 39.39 
1 123 1 96 129 36.34 
1 123 1 53 169 35.62 
1 123 1 98 102 41.16 
1 123 1 103 67 39.98 
1 123 1 91 125 39.47 
1 123 1 70 53 35.95 
1 123 1 71 171 37.96 
1 123 1 89 56 37.91 
1 123 1 91 110 40.16 
1 123 1 91 127 40.73 
1 123 1 61 148 41.15 
1 123 1 101 119 35.12 
1 123 1 60 128 38.42 
1 123 1 74 57 38.75 
1 123 1 81 106 35.65 
1 123 0 102 133 40.23 
1 123 1 89 121 38.27 
1 123 1 105 133 35.06 
1 123 1 85 160 39.79 
1 123 0 104 123 40.31 
1 123 1 109 86 39.05 
1 123 1 104 99 35.25 
